0.07399582862854004
0.10044574737548828
0.1282660961151123
0.1802234649658203
0.2272176742553711
0.2405381202697754
0.42081618309020996
0.4053077697753906
0.44463515281677246
0.4699108600616455
0.5155742168426514
0.6239922046661377
0.674067497253418
0.9884886741638184
1.0187468528747559
1.2698862552642822
1.2675559520721436
1.4316327571868896
1.5154731273651123
1.7872185707092285
1.9621295928955078
2.1240458488464355
2.0781965255737305
2.415658712387085
2.4073550701141357
2.5236244201660156
2.7963290214538574
3.0675039291381836
3.1940462589263916
3.4931480884552
3.6941800117492676
3.5779528617858887
4.143552303314209
4.495462656021118
4.442630052566528
4.639229774475098
5.052250146865845
5.074215888977051
5.432222127914429
5.471585988998413
5.918035268783569
6.059662580490112
6.558413505554199
6.721930742263794
7.257907390594482
7.2605180740356445
7.907553672790527
8.135796546936035
8.606965065002441
8.75232219696045
9.521186590194702
11.842508316040039
11.201151132583618
12.036520957946777
12.506479024887085
12.562126398086548
12.93925428390503
13.377410411834717
13.79723858833313
14.466967344284058
14.378751277923584
14.682085037231445
15.006463527679443
15.532252311706543
15.31553864479065
16.073723554611206
17.477765321731567
17.89150595664978
19.056530237197876
20.157247066497803
20.76726531982422
22.352554082870483
23.023547649383545
23.764132022857666
24.198134899139404
23.588587999343872
26.055869340896606
22.838524341583252
22.101941347122192
22.273491144180298
22.618366718292236
22.86053466796875
23.945207595825195
25.48847532272339
26.052751302719116
26.798424005508423
28.728528022766113
29.584285736083984
28.526148080825806
28.87343692779541
30.984373807907104
29.860471725463867
30.703384399414062
31.84259343147278
32.80605101585388
33.1359076499939
33.77750039100647
