1.5952718257904053
1.2383813858032227
1.3333468437194824
1.365572214126587
1.3782765865325928
1.5342729091644287
1.5393037796020508
1.6050987243652344
1.4020097255706787
1.4843621253967285
1.3782565593719482
1.5251038074493408
2.5988969802856445
2.532264232635498
2.3480496406555176
2.8550727367401123
2.647935628890991
2.8353734016418457
2.563542604446411
2.95546555519104
2.928126573562622
3.164177656173706
3.1147851943969727
3.3718361854553223
3.3239855766296387
3.35630464553833
3.6309926509857178
3.7444229125976562
3.757866382598877
3.930478811264038
3.73231840133667
3.857497215270996
4.002896308898926
4.128243684768677
4.357280731201172
4.241985559463501
4.6194024085998535
4.560396909713745
4.97693395614624
4.8758955001831055
5.370891809463501
5.13260293006897
5.363749027252197
5.61576247215271
5.8773887157440186
5.731117248535156
6.144631862640381
6.220962762832642
6.412642478942871
6.274838924407959
6.721816301345825
7.21406888961792
6.900938987731934
7.206108093261719
7.3619091510772705
7.2084174156188965
7.548706769943237
7.631243944168091
8.143454313278198
8.460092306137085
8.659240245819092
8.656808853149414
8.382867574691772
9.210339069366455
8.800524234771729
9.265658140182495
10.280291080474854
10.232849836349487
10.319626331329346
10.488265037536621
10.847923278808594
11.170115232467651
11.32793140411377
11.957754611968994
11.663528680801392
11.424538850784302
12.525116920471191
12.939764738082886
12.624919176101685
12.822888135910034
13.08996033668518
13.2219877243042
13.74921703338623
14.411628484725952
14.558708906173706
15.006611347198486
15.335561513900757
15.292423963546753
15.832452774047852
16.34557056427002
16.343053340911865
16.344719648361206
16.605196952819824
17.33265495300293
17.923120260238647
17.92468786239624
17.96458125114441
